100
1990 1759 1885 1999 1738 1925 1864 1973 2121 1950 1752 1668 1903 1591 1780 1969 1889 1964 1888 1943 1961 1829 1666 1747 2093 1710 1473 1860 1751 1799 1757 1954 1827 1746 1881 1931 1606 1883 1782 2096 1973 1706 1768 1649 1990 1841 2015 1653 1643 1941 1718 1668 1868 1862 1626 1889 2007 1597 2012 1745 1996 1835 1895 1739 2161 1965 1994 1735 1770 1950 1741 1792 1988 1937 2020 1655 2007 1695 1798 1875 1788 1972 1725 1755 1870 1647 2130 1776 1827 1843 2081 1989 1712 1981 2094 2018 1895 1913 2155 1772 
1729 1946 1964 2154 1818 2018 1901 2148 2034 1979 1828 1789 2047 1676 1988 2094 2098 1800 1847 2003 1808 1802 1783 1846 2172 1694 1664 2008 1982 1931 1717 1825 2006 2035 1818 1929 1927 1984 1894 2015 1932 1733 1822 1766 1953 1941 2059 1842 1856 1830 1722 1972 2076 1952 1824 1901 2091 1902 2020 2026 2079 1937 1986 1974 2226 2049 1885 1751 1965 1905 1959 1771 2070 1946 1992 1901 1936 1843 2124 1894 1788 1929 1658 2100 2015 1952 2379 1755 1888 1981 2081 2162 1844 2247 2025 2038 1985 1774 2204 1960 
1688 1889 1738 2062 1493 1763 1739 2026 1869 1930 1675 1780 1864 1655 1727 1893 2036 1691 1682 1807 1759 1723 1635 1816 1996 1654 1574 1797 1682 1728 1671 1892 2025 1909 1853 1832 1747 1804 1750 1920 1900 1643 1851 1654 1865 1618 1867 1770 1682 1842 1685 1828 1871 1911 1832 1684 1827 1615 1818 1730 1909 1662 2033 1789 1920 1883 1763 1589 1609 1859 1893 1910 1742 1841 1924 1611 1762 1640 1784 1752 1649 1759 1689 1963 1872 1603 2022 1670 1813 1727 1899 1822 1818 1928 1921 1814 1806 1750 1936 1662 
1930 1921 1962 2068 1634 1901 2118 2048 2130 1851 2083 1960 2076 1821 1984 2010 2176 1928 1913 2007 1824 1810 1767 1800 2164 1743 1732 1846 1864 1974 1757 1865 2043 1973 1909 2156 1910 1932 2043 1997 1960 1947 2053 1902 1990 1803 2054 1780 1927 1991 1790 1907 2061 2157 1815 2122 1998 1772 2075 1833 2134 1957 2100 2050 2075 2050 2108 1960 1923 1911 2070 1925 2046 1948 2123 1821 2065 1863 2125 1969 2067 2055 1593 1995 1963 1807 2277 1972 1890 2059 2229 2180 1921 2079 2198 2049 2018 2226 2317 1726 
1909 2131 2002 2284 1884 2081 2124 2157 2135 2078 2111 2070 2141 1772 2046 2167 2169 2023 2143 1989 2022 1963 1878 1769 2343 1845 1589 1916 2016 2110 1908 2130 2114 1959 1965 2130 1948 2135 2029 2166 2382 1822 2094 1854 2071 1964 2258 1971 2004 2093 1885 2137 2100 2141 1963 2179 2203 1957 2053 2126 2356 1956 2302 2202 2412 2066 2097 1872 2001 2162 2079 2036 2219 1997 2244 1826 2202 2077 2081 2135 1952 2013 1882 1965 2186 1871 2246 1850 1937 2096 2286 2234 1890 2300 2336 2049 2111 1974 2342 2093 
2213 2193 2084 2420 2184 2309 2363 2373 2478 2348 2162 2217 2387 2161 2201 2351 2380 2119 2343 2095 2088 2060 2188 2034 2522 2011 1920 2160 2125 2224 2029 2282 2418 2138 2235 2279 2203 2234 2448 2453 2366 2052 2399 2074 2266 2072 2330 2070 2115 2194 1979 2170 2408 2417 2058 2363 2214 2091 2498 2149 2346 2147 2480 2403 2585 2474 2193 2217 2201 2368 2265 2017 2371 2257 2458 2017 2321 2181 2409 2117 2318 2081 1851 2251 2378 2185 2527 2207 2219 2354 2573 2487 2180 2486 2473 2310 2230 2285 2605 2167 
2051 2252 2117 2376 1963 2207 2302 2414 2345 2285 2087 2067 2366 2058 2164 2191 2188 2220 2060 2136 2169 2117 2010 2134 2451 1817 1878 2108 2046 2051 2020 2231 2216 2003 2436 2273 2077 2094 2246 2304 2438 1927 2182 2034 2208 1950 2228 1888 1809 2319 2150 2178 2497 2308 2045 2319 2142 1980 2254 2144 2334 2125 2224 2065 2295 2154 2139 2084 2301 2347 2216 2205 2247 2182 2388 1868 2124 2017 2038 2127 2097 2044 2023 2208 2104 1976 2293 1958 2143 2145 2548 2268 2128 2131 2318 2427 2142 2156 2387 2102 
1872 1915 1978 2103 1860 2120 2030 2211 2236 1998 1798 1979 1999 1816 1884 2257 2113 1958 1932 2034 2043 1948 1878 1914 2137 1805 1635 1960 1900 1946 1848 1981 2014 1937 2040 2161 2000 1888 1921 2102 2127 1867 2086 1694 2099 1892 2014 1791 1736 2081 1992 1980 2127 2002 1802 1888 2107 1684 1913 1882 2209 1808 2066 1950 2235 2086 2054 1997 1902 2104 1970 1952 1961 2036 2021 1932 2074 1794 2070 1938 1992 1979 1674 2111 2003 1900 2280 1796 1946 2012 2143 2277 1814 2202 2276 2042 2061 2040 2178 1988 
2064 2116 1968 2423 1944 2120 2072 2190 2303 2310 1947 2051 2278 2009 2002 2086 2212 2133 2049 2028 2115 2005 2010 2059 2282 1836 1764 2107 2031 2011 2017 2079 2223 1987 2225 2145 1997 2063 2135 2208 2122 1835 2210 1899 2131 1911 2209 2077 1836 2232 1979 2125 2243 2062 1848 2215 2139 1964 2049 2053 2350 2041 2253 2025 2259 2192 2042 2177 2089 2238 2199 2068 2130 2194 2301 1917 2158 1978 1950 2160 1921 1960 1851 2173 2057 2042 2232 2083 2011 2096 2417 2038 1952 2135 2179 2261 2096 2073 2377 2132 
2141 2089 1931 2252 1763 2157 2287 2281 2255 2079 2073 2053 2115 1872 1978 2133 2359 1938 2151 2015 2041 1885 1850 1939 2349 1887 1785 1937 1889 2055 1955 1955 2276 1812 2069 2061 1937 2092 2092 2132 2217 1805 2183 1902 1920 1952 2097 2064 1917 2155 1882 1980 2103 2066 1922 2082 2212 1908 2197 1880 2196 1980 2180 2226 2161 2106 2050 1946 2143 2076 2253 1987 2209 2279 2155 1870 2177 1968 1933 1969 2122 2068 1939 2122 2144 1864 2442 2100 2088 2201 2447 2128 1777 2274 2258 2033 2264 2163 2382 1970 
1774 1898 1955 2057 1771 2015 1887 2053 2073 1905 1813 1896 2009 1734 1941 2180 2072 1864 2009 1801 1829 1786 1755 1928 2023 1847 1698 1944 1837 1911 1841 1947 1963 1774 1926 1977 1641 1957 2028 2086 2127 1745 1818 1868 1977 1891 2133 1722 1839 1874 1865 2005 2052 1922 1717 2106 1948 1860 1952 1976 2110 1798 1902 1935 2039 2050 1946 1765 1975 2060 2077 1943 1940 1878 2018 1728 1870 1691 1922 1841 1919 1994 1736 1890 1948 1758 2112 1842 1868 2053 2137 2042 1802 2087 2047 2040 1993 1976 2143 2026 
1934 1955 2104 2326 1867 2074 2170 2155 2382 2217 1840 1836 2113 1957 2155 2234 2170 1905 2102 2231 2069 1864 2030 1924 2399 1940 1743 1997 1989 2158 1990 2011 2078 1972 2262 2146 1916 2034 2073 2223 2140 1728 2080 2058 2016 1935 2094 1920 1827 2063 1882 1933 2272 2131 1947 2184 2154 2149 2077 2049 2151 2023 2076 1909 2327 2166 2111 1980 2191 2409 2110 2014 2200 2199 2213 1814 2046 2007 1950 2008 1925 2076 1940 2091 2030 1876 2258 1929 2030 2142 2442 2248 1807 2284 2366 2145 2257 2152 2447 2110 
2004 1941 1890 2087 1749 1825 2115 2126 2137 1975 1838 1830 2039 1853 1931 2084 2110 1920 1926 2017 1947 1815 1854 1906 2163 1803 1711 1886 1792 1987 1707 1848 1930 1930 2010 2186 1794 2124 1941 1969 2012 1872 1939 1889 2067 1817 1945 1917 1877 1829 1791 1803 2143 1961 1761 2078 2021 1843 2039 1942 2130 1888 2116 1854 2089 2017 2075 1986 2052 2209 1978 1868 1931 1926 2172 1684 1997 1800 1921 1889 1844 1878 1669 1977 2062 1845 2059 1944 1954 2132 2096 2269 1816 2023 2156 2124 2018 2144 2225 1841 
1812 2107 2068 2071 1585 1859 1851 2128 2040 1932 1849 1995 1855 1713 1764 1994 2108 1827 1736 1889 1946 1694 1751 1795 2159 1783 1565 1931 1841 1743 1777 1894 2002 1654 1895 2012 1888 1945 1799 1986 1947 1726 1891 1679 1849 1942 1974 1922 1710 1853 1923 1992 2106 2026 1767 1946 1923 1856 1943 1822 2064 1889 1897 1793 2083 2034 1797 1703 1936 1982 1881 1631 2004 1745 2021 1498 1843 1748 1956 1857 1915 1897 1806 2000 1930 1892 2208 1792 1792 1982 2208 2194 1815 1977 2136 1979 2020 1944 1944 1959 
1985 2025 1804 2374 1702 1913 1987 2103 2109 2191 1903 1980 2024 1698 1894 1924 2238 1894 2117 1952 1874 1685 1762 1839 2082 1733 1749 1969 1924 1952 1950 1888 2134 1825 1992 1990 1777 1931 1831 2149 1995 1730 1968 1848 1858 1803 2018 1891 1753 2184 2000 1896 2001 1928 1821 1933 1863 1584 1908 1900 2191 1988 2067 1949 2018 1943 1929 1899 1926 1952 2045 1925 1983 2124 2136 1745 1967 1938 1865 1941 1977 1972 1966 1927 2063 1894 2187 1952 1965 2006 2175 2054 1817 2021 2055 1967 1907 1999 2156 2041 
1752 1845 1745 1984 1730 1824 2002 2056 2058 1844 1787 1876 1832 1608 1794 1832 1971 1806 1894 1792 1825 1666 1845 1521 2025 1715 1593 1787 1863 1666 1711 1774 1830 1670 1833 1872 1876 1844 1855 1963 2092 1530 1765 1591 1920 1794 1870 1706 1617 1884 1778 1720 1875 1981 1699 1867 1879 1665 1898 1825 2006 1806 1896 1797 1952 1846 1744 1678 2011 1856 1871 1758 1836 1837 1914 1504 1929 1774 2053 1891 1909 1815 1620 1911 1759 1742 2075 1715 1701 1928 2088 2088 1788 1937 2045 2038 1753 1713 1918 1833 
2012 2049 2196 2294 1959 2283 2216 2157 2441 2383 1818 2041 2220 1977 2144 2261 2211 2011 2118 2066 2014 2073 2076 1986 2256 1789 1794 2200 1947 1998 2048 2012 2049 2058 2135 2196 2004 2110 2061 2108 2037 1707 2155 1894 2140 1979 2243 2084 1776 2055 1941 2114 2288 2110 1921 2018 2036 1898 2019 2130 2461 2054 2097 1974 2387 2187 2144 2023 2159 2364 2054 2067 2211 2218 2110 1951 2116 1933 2110 2118 2065 1996 1750 2154 2006 2036 2189 1992 1941 2128 2335 2221 2010 2217 2174 2138 2180 1912 2430 2116 
1891 1811 1814 2178 1687 2066 2100 2181 2127 2148 1898 1962 2120 1896 1787 2053 2142 1897 1834 1975 1904 2042 1761 1873 2147 1811 1806 1894 1896 1633 1872 2011 1984 1753 1951 2103 1916 2002 2054 2094 2248 1613 1920 1801 2133 1718 2082 1896 1787 2025 1721 2019 2050 2052 1993 2110 2062 1836 2174 2001 2188 1888 2115 1869 2009 2019 2160 1907 2093 2148 2143 1853 1889 1902 2193 1693 1896 1717 1947 1970 1920 1794 1755 2035 1960 1797 2169 1854 1903 1946 2372 1986 1944 1917 2017 2065 1998 2061 2214 1984 
1936 2161 1914 2216 1963 2106 2195 2302 2240 2231 2025 2130 2265 2048 2056 2178 2331 2176 2159 2034 2200 2074 2052 1960 2408 1999 1818 2020 2063 1982 2003 1977 2195 2002 2122 2337 2115 2088 2037 2272 2246 1879 2277 2008 2255 1968 2255 2050 2021 2148 1999 2293 2325 2288 1919 2118 2277 1987 2197 2081 2443 2016 2304 2245 2251 2128 2196 2098 2208 2246 2366 2159 2095 2102 2269 1841 2070 1937 1938 2216 2220 1954 1874 2207 2158 2102 2336 2073 2083 2048 2456 2246 1933 2180 2304 2152 2132 2059 2248 2209 
2207 2270 2091 2452 1919 2238 2292 2544 2474 2306 2246 2283 2264 2184 2269 2237 2281 2046 2112 2221 2160 2215 2087 2114 2546 2019 1853 2154 2287 1982 2055 2270 2275 1948 2293 2430 2143 2189 2294 2283 2398 1891 2380 1968 2323 2231 2346 2100 1940 2383 2021 2247 2298 2252 2107 2208 2332 2056 2272 2228 2501 2154 2127 2137 2243 2245 2315 2106 2394 2368 2259 2120 2211 2328 2366 1885 2301 1969 2113 2143 2040 2119 2003 2319 2111 2060 2443 2186 2108 2296 2500 2371 2089 2165 2431 2371 2280 2193 2532 2197 
1832 1818 1886 2264 1715 1957 2053 2092 2154 2088 1866 2002 1924 1816 1776 2088 1998 1830 1852 1941 1771 1844 1703 1829 2238 1886 1738 1890 1895 1869 1841 1919 1900 1842 1891 1988 1915 2047 1835 1936 2096 1615 1857 1711 1874 1862 1956 1780 1885 1920 1801 1910 1971 1997 1793 1920 1966 1853 1910 1871 2041 1866 1964 1757 2196 2104 2007 1836 1920 2086 2093 1925 2057 2114 1916 1596 1890 1667 1964 1920 1749 1906 1769 2021 1880 1719 2157 1754 1861 1851 2166 2023 1724 1995 2014 2095 2085 1759 2188 1888 
2126 2113 2012 2386 1935 2094 2184 2223 2273 2257 2084 2064 2180 1972 2091 2318 2243 1983 2047 2019 1990 2020 1925 1905 2419 1955 1850 2099 1991 2142 1882 2210 2261 2109 2132 2102 2051 2196 2153 2363 2318 1918 2051 2005 2297 2111 2213 1879 2008 2229 1872 2118 2295 2150 2029 2173 2256 2048 2313 1998 2460 2232 2250 1973 2312 2306 2123 2031 2151 2206 2246 2118 2150 2312 2380 2038 2196 2045 2348 2154 2006 2073 1883 2233 2216 1966 2535 1989 2012 2341 2335 2347 2068 2228 2296 2228 2091 2266 2471 2076 
2020 2190 2216 2399 1819 2293 2066 2150 2211 2232 1978 1820 2198 1911 2313 2275 2207 2083 2069 2110 2252 2072 1826 2163 2467 1831 1823 2018 1976 2099 1929 2151 2253 2011 2230 2208 1973 1949 2120 2279 2379 1828 2099 1969 2187 2034 2304 1926 1999 2265 1853 2245 2289 2109 1834 2081 2146 1956 2035 2173 2382 2234 2152 1997 2280 2323 2216 1938 2107 2315 2219 2128 2302 2248 2302 1973 2159 2024 2049 2187 1979 2042 1962 2155 2101 1845 2374 2046 2060 2065 2417 2276 1991 2237 2350 2213 2258 2194 2406 2024 
2064 2055 2067 2261 1727 1922 2039 2300 2306 2105 2006 1966 2184 1900 2056 2050 2204 1947 1949 1985 1970 1894 1850 2017 2298 1706 1535 1895 1830 1924 1880 1951 2039 1931 2114 2057 1933 2052 1942 2015 2061 1972 2063 1900 2042 1929 2177 1933 1798 2017 1769 1946 2154 2038 2005 1986 1991 1832 1955 1874 2213 1965 2209 1895 2209 2085 2054 1972 2040 2264 2024 2050 2078 2056 2081 1943 2120 1905 2006 1949 1925 1985 1862 1948 2018 1853 2232 1942 2034 2121 2129 2234 1898 2091 2079 2014 2088 2107 2215 2084 
1647 1857 1902 1993 1601 1873 1857 1975 2041 1953 1833 1739 1840 1610 1834 1927 2011 1898 1713 1948 1959 1572 1591 1770 2072 1534 1406 1867 1763 1660 1863 1886 1982 1686 1884 1931 1707 1901 1743 1949 1901 1568 1789 1654 1840 1699 2027 1578 1551 1763 1619 1910 1937 1968 1620 1805 1775 1723 1784 1835 1985 1769 1973 1794 2078 1753 1901 1727 1794 1979 1848 1658 2047 1724 1940 1588 1967 1725 1704 1883 1769 1781 1630 1688 1915 1659 1837 1581 1955 1704 2040 2032 1559 1918 1936 1830 1966 1904 1973 1987 
1656 1758 1761 2110 1623 1738 1909 2100 1997 2024 1812 1738 1987 1806 1868 1999 1972 1663 1764 1871 1958 1739 1750 1776 2102 1835 1697 1781 1903 1818 1736 1907 1957 1842 1977 2033 1751 1785 1945 1995 1893 1517 1889 1676 1893 1691 1918 1877 1678 1917 1621 1836 1948 1866 1691 1827 1835 1636 1805 1969 1890 1813 1871 1817 2034 1904 1692 1745 1799 2151 2060 1778 1833 1991 2031 1642 1869 1845 1783 1761 1624 1717 1788 2036 1940 1593 2031 1757 1758 1862 2012 2001 1591 1985 1902 1817 1939 1758 2217 1821 
1850 1996 2011 2270 1879 2249 2168 2333 2266 2173 1796 2034 2274 1955 2110 2179 2358 1848 2072 2106 2054 1979 1828 1976 2283 1804 1779 2148 2048 2034 1949 2033 2140 2055 1936 2205 2127 2177 2036 2270 2166 1754 2079 1914 2119 1944 2216 1977 1864 2096 1888 2075 2145 2307 1994 2114 2132 1906 2216 2238 2260 2092 2254 2011 2251 2340 2278 2125 2160 2135 2115 1942 2164 2072 2160 1786 2151 1930 2202 2003 2094 2041 1839 2133 2173 1930 2370 1741 2186 2142 2330 2345 2176 2203 2307 2123 2229 2103 2338 2127 
1643 1827 1836 1970 1589 1746 1829 2077 1915 1895 1718 1736 1936 1830 1824 1881 1819 1686 1943 1802 1742 1801 1647 1744 1918 1630 1565 1872 1718 1666 1683 1688 1968 1666 1785 1948 1653 1744 1904 1871 2013 1645 1832 1672 1736 1764 1971 1918 1624 1780 1605 1875 1799 1806 1702 1798 1906 1719 1798 1846 2058 1744 1916 1787 1871 2027 1939 1760 1822 1750 1767 1655 1820 1911 1956 1720 1810 1650 1883 1736 1801 1819 1642 1993 1889 1664 2202 1816 1708 1895 1956 2012 1897 1869 1826 1716 1782 1722 1983 1758 
1993 2057 2007 2396 1818 1945 2053 2155 2259 2132 1978 2007 2130 1992 2003 2050 2146 1840 2017 2208 1797 1900 1899 2074 2245 2024 1762 2170 2058 1960 1903 2165 2121 2057 2061 2385 1912 2071 1941 2088 2125 1911 1943 1858 2161 2081 2112 1947 1853 2092 2055 1956 2057 2066 1897 2026 2107 1919 2066 1904 2352 1961 1975 1976 2122 2147 2024 1999 2035 2159 2040 2003 2111 2101 2147 1777 2157 1885 2059 1913 1936 2054 1857 2116 1999 1936 2328 1952 2063 2055 2242 2319 2015 2059 2335 2170 1996 1997 2434 1877 
1775 1838 1913 2093 1915 1873 1990 2134 2139 1895 1952 2009 2133 1800 1886 1868 2046 1813 2027 2023 1786 1682 1800 1854 2206 1746 1488 1952 2007 1918 1937 2041 2041 1736 2078 1911 1815 1906 1973 2107 2139 1821 1968 1742 1878 1873 2007 1757 1640 2096 1955 1969 1994 2048 1789 1927 1989 1769 2019 2031 2076 1779 2117 2076 2009 2001 1993 1826 1851 2059 2087 1912 1903 1924 1985 1711 2083 1807 1970 2013 1979 1895 1759 1893 1949 1876 2201 1640 1936 1927 1986 2204 1858 2009 2088 2027 2042 1775 2148 2030 
2024 2148 2184 2303 1873 2262 2263 2243 2306 2085 2135 2051 2262 1917 2055 2375 2279 2103 2058 2167 2114 2015 1978 1982 2445 1797 1847 2057 2065 2185 1986 2036 2328 1785 2167 2157 2011 2033 2110 2300 2193 1930 2237 1986 2165 1931 2324 2102 1955 2207 1969 2144 2323 2165 2133 2228 2178 2071 2245 2249 2324 2082 2394 2091 2254 2251 2289 2277 2166 2385 2351 1966 2081 2117 2159 1970 2193 2004 2008 2125 2196 2120 1923 2257 2268 1952 2495 2073 2115 2278 2332 2283 1936 2254 2310 2047 2261 2203 2267 2161 
2015 2041 2162 2294 1913 2025 2260 2336 2399 2130 2117 2229 2313 1974 2134 2182 2291 2191 2160 2281 2076 2025 2247 2068 2301 2095 1871 2174 2140 1995 2080 2262 2155 2153 2244 2254 2206 2219 2079 2160 2223 1943 2116 1966 2195 1945 2216 2132 1951 2104 1995 2097 2268 2312 2049 2289 2094 1866 2284 2100 2257 2125 2189 2069 2396 2318 2107 2171 2111 2226 2383 2120 2152 2158 2204 1968 2401 1972 2302 2137 2179 2164 1742 2194 2180 2096 2301 1991 2013 2238 2423 2423 2105 2192 2383 2339 2144 2044 2414 2268 
2142 2198 1979 2468 2150 2163 2312 2424 2550 2457 2116 2184 2313 2075 2110 2300 2379 2177 2235 2306 2229 1946 2121 2024 2480 1965 1913 2158 2035 2173 2174 2170 2229 1910 2352 2316 2149 2186 2128 2403 2375 1866 2158 2085 2402 1993 2336 2040 2050 2215 2067 2210 2391 2191 2084 2358 2269 1900 2350 2142 2405 2138 2289 2140 2536 2290 2212 2228 2256 2435 2439 2144 2539 2373 2416 1916 2371 2134 2068 2166 2168 2087 1970 2216 2336 2171 2337 2140 2224 2296 2585 2303 1931 2356 2404 2169 2204 2137 2567 2328 
2214 2308 2412 2671 2070 2422 2443 2659 2663 2420 2460 2409 2459 2274 2500 2603 2492 2256 2557 2280 2392 2237 2187 2248 2654 2162 2037 2244 2413 2265 2386 2318 2466 2304 2388 2349 2280 2404 2325 2494 2350 2018 2458 2215 2299 2313 2575 2140 2086 2361 2135 2425 2492 2387 2197 2468 2408 2357 2546 2487 2644 2472 2604 2351 2697 2576 2214 2200 2270 2586 2540 2286 2558 2298 2457 2232 2193 2303 2492 2322 2477 2288 2074 2470 2443 2116 2716 2266 2247 2463 2548 2583 2103 2448 2541 2457 2523 2349 2611 2528 
1583 1869 1666 1864 1574 1830 1813 1949 1944 1872 1821 1823 1886 1662 1814 1856 1972 1709 1814 1737 1733 1620 1665 1723 1942 1534 1511 1683 1789 1711 1722 1844 1950 1632 1869 1877 1644 1671 1706 1810 1830 1563 1829 1690 1929 1671 1844 1748 1606 1796 1642 1848 1787 1888 1685 1701 1739 1657 1900 1825 1873 1639 1872 1722 1912 1909 1656 1665 1679 1820 1991 1694 1751 1883 1906 1726 1740 1718 1850 1750 1896 1688 1480 1804 1714 1558 1977 1739 1791 1772 1906 1806 1691 1886 1914 1736 1821 1827 1880 1675 
1987 2005 1982 2171 1863 1935 2142 2089 2244 2106 1991 2033 2177 1853 2167 2032 2103 1927 2078 1838 2088 1928 1905 1786 2284 1758 1829 1738 1975 2035 2000 1831 2028 1803 2018 2097 1890 1888 1914 2124 2028 1737 2084 1780 1997 1750 1993 1750 1728 2169 1968 1901 2045 2078 1867 1966 1728 1770 1807 2107 2161 1905 2266 1750 2070 2109 2009 1981 1846 2202 2100 2130 1961 2049 2093 1724 1984 2017 1988 2095 2039 1961 1820 2024 2088 1778 2065 1972 1898 1958 2277 2018 1780 2011 2106 2184 2158 2076 2219 2023 
1988 1965 2059 2399 1996 2249 2088 2097 2214 2149 1899 2086 2223 1909 2074 2057 2355 1896 2057 1945 2075 1800 1906 1889 2405 1924 1723 2168 2033 2044 2026 2050 2130 1852 2088 2271 1925 1972 2006 2248 2237 1961 2018 1853 2087 1855 2158 1922 1810 2303 1922 1976 2159 2033 1864 2089 2060 1776 2112 2152 2232 1824 2258 1949 2099 2380 2270 2121 2057 2307 2188 2075 2219 2265 2127 1738 2185 1910 2013 2049 2077 1977 1950 2007 2080 1991 2304 1873 2053 2129 2227 2265 2018 2158 2209 2182 2185 2098 2267 2173 
1943 1997 1980 2199 1746 2017 1974 2190 2200 2081 1975 2071 2056 1994 1983 1907 2213 1892 1918 2006 1928 1723 1811 2001 2193 1722 1717 2028 1941 1972 1962 1880 2136 1809 2131 2089 2024 2045 2111 2107 1996 1726 2049 1694 1939 1902 2162 1950 1734 2131 1959 1999 2096 1992 1793 2124 2102 1726 1993 1937 2233 1887 2129 2016 1941 2111 2110 1978 1940 1994 2106 2009 2117 2111 2078 1702 1951 1795 1775 2070 1973 1776 1789 2046 2004 1803 2167 1910 1964 1967 2267 2077 1759 2046 2113 2099 2089 2081 2132 2023 
1860 2063 1949 2304 1649 2035 2186 2221 2194 2155 2076 1917 2151 1948 2009 2202 2208 1861 1987 2015 1823 1859 1817 2022 2298 1724 1816 1954 1997 2010 1949 1992 2168 2006 2125 2130 2050 1921 1973 1999 2054 1700 1981 1916 2002 1791 2196 1868 1862 2091 1907 2056 2084 2119 1977 2085 2052 1819 2103 2030 2230 2063 2232 1902 2130 2180 2201 2132 2038 2169 2120 2007 2006 2071 2074 1816 2030 1834 2064 1971 1986 1982 1738 2178 2200 1890 2332 1811 2061 2068 2293 2166 1887 2092 2135 2071 2184 1975 2244 1921 
1947 1971 2011 2142 1950 2036 1904 2172 2201 2061 1961 2120 2242 1969 1824 1891 2364 1873 2163 2064 1977 1774 1767 1758 2291 1722 1566 2034 2049 1855 2087 2018 2082 1785 2105 2016 1936 2088 1888 2223 2018 1771 1963 1877 1966 1978 2026 1739 1750 2121 1868 1927 2171 1989 1831 2026 2024 1760 2050 1950 2180 1790 2209 2066 2022 2119 2050 2068 2048 1997 2158 1875 2285 2272 2106 1930 2116 1998 1876 2036 2081 1886 1881 1887 1944 1988 2303 1946 2017 1904 2367 2133 1891 2166 2148 1995 2043 2113 2199 2197 
1849 2084 1929 2365 1907 2071 2126 2071 2125 2406 2009 1948 2229 1887 2107 2153 2120 2162 2172 1981 2061 1940 1899 1893 2245 1796 1843 1896 1997 2018 1827 2039 2156 1905 1959 2207 1946 2014 2010 2272 2155 1793 2186 1896 2188 1877 2094 1902 2085 2177 1948 2133 2036 2090 1765 2034 2057 1824 2100 2141 2342 2096 2062 1916 2385 2032 2049 1925 1910 2004 2170 1957 2079 2108 2097 1735 2059 1925 2142 1989 2025 1941 1816 2027 2057 1848 2225 2077 1960 2122 2154 2176 1981 2205 2047 2188 2181 1910 2390 2025 
1959 1868 1859 2009 1931 1980 2111 2050 2144 1919 1718 1813 1993 1905 2104 1924 1909 1792 1837 1994 1849 1748 1810 1749 2001 1614 1520 1891 1639 1879 1638 1702 1944 1614 1977 1912 1766 1871 1777 1974 2123 1697 2004 1774 1825 1900 1875 1655 1691 2075 1727 1876 2092 1796 1816 1947 1904 1793 1944 1814 2058 1928 1886 1803 2104 1958 1902 1666 1894 1976 2135 1886 2022 2111 1943 1673 2008 1732 1926 2097 1789 1897 1750 1987 1878 1771 2119 1854 1841 1942 2183 2092 1852 2074 2061 2063 1905 1879 2164 1925 
1762 1885 1812 2067 1683 1940 1816 2059 2074 2079 1786 1909 1961 1665 1823 2023 2061 1902 1776 1805 1863 1769 1714 1801 2059 1720 1618 1914 1940 1603 1701 1962 2107 1732 1956 2082 1813 1865 2034 2114 2084 1713 1998 1738 2018 1819 2061 1740 1635 2009 1727 1864 2051 1945 1715 1843 1880 1746 1936 1859 2154 1866 1986 1857 2051 2015 2059 1882 1974 2124 1891 1867 1932 2101 2140 1723 1973 1763 1812 1868 1857 1759 1687 1992 1871 1753 1981 1763 1879 1941 2096 2117 1809 1928 2016 1850 1818 1995 2105 1798 
2058 2166 2130 2468 1975 2168 2190 2333 2342 2191 2023 2253 2132 1994 2021 2142 2261 1997 2124 2137 2087 1943 1960 2069 2363 1959 1734 2267 2071 2017 1942 2163 2242 1973 2191 2218 2192 2298 2166 2159 2232 1968 2124 2009 2177 2064 2165 2136 1891 2167 1993 2178 2249 2225 1974 2173 2273 1991 2055 2021 2435 2011 2166 2098 2297 2261 2342 2001 2264 2276 2141 1979 2282 2257 2329 1840 2181 1983 2164 2076 2010 2111 1902 2212 2010 2131 2385 2011 2045 2241 2303 2273 2206 2243 2323 2219 2187 2055 2410 2118 
1755 1925 1868 1909 1619 1718 1871 1943 2030 1999 1767 1786 1927 1750 1841 1847 1973 1934 1760 1835 1888 1691 1786 1729 2152 1626 1586 1863 1628 1818 1684 1764 1907 1767 1931 1963 1826 1741 1809 1949 1970 1740 1818 1740 1943 1748 1794 1808 1686 1888 1644 1947 2192 1789 1680 1957 1788 1745 1920 1726 2049 1773 2018 1683 1974 1966 1799 1725 1839 1940 1823 1901 1937 1937 2136 1674 1797 1738 1896 1905 1758 1781 1678 1962 1745 1758 2064 1856 1653 1710 2128 2062 1713 1963 2016 2050 1855 1778 2058 1723 
1755 1785 1709 2199 1779 2038 1828 1918 1955 1959 1845 1777 2017 1680 1914 1947 2012 1987 1923 1974 1853 1673 1716 1725 2152 1544 1710 1687 1771 1857 1756 1913 2007 1769 1853 1975 1853 1731 1796 1998 1985 1727 1991 1787 1965 1630 1988 1734 1920 2034 1707 1945 1897 1927 1733 1966 1876 1464 1900 1902 2065 1942 1950 1777 2127 2016 1925 1944 1883 2014 2078 1824 2005 1971 2054 1713 2132 1725 2059 1942 1898 1843 1578 1922 2097 1831 2038 1813 1804 1980 2067 2028 1771 2107 2101 1883 1973 1843 2267 1895 
2007 2024 2032 2217 1804 1985 2015 2222 2245 2199 1854 1962 2145 1933 1859 2033 2139 1966 1977 2009 1898 1962 1856 1915 2203 1880 1825 1859 1979 1873 1792 2031 2151 1868 2031 2101 1903 2041 1974 2125 2053 1743 2178 1764 2186 1992 2081 1830 1720 2036 1841 1988 2165 2020 1927 1963 2010 1794 1954 2036 2210 1980 2172 1880 2155 2075 2027 2023 2096 2168 2081 1921 2113 2117 2041 1913 2046 1912 2136 2124 1988 2005 1887 2151 1936 1886 2302 1982 1983 2054 2240 2181 1891 2078 2035 2160 2129 1983 2325 1924 
1712 1802 1632 2098 1459 1798 1705 2032 2039 1910 1645 1659 1824 1588 1754 1810 1951 1772 1690 1769 1607 1699 1721 1706 1972 1603 1444 1686 1724 1739 1617 1722 1664 1688 1839 1817 1590 1693 1784 1834 1840 1528 1822 1556 1851 1894 1835 1795 1712 2022 1671 1734 1843 1698 1831 1984 1917 1504 1723 1832 1919 1757 1791 1731 1778 1664 1610 1609 1511 1815 1844 1611 1864 1903 1983 1837 1700 1739 1803 1764 1635 1661 1679 1793 1725 1593 2086 1876 1550 1722 1774 1841 1719 1906 1837 1745 1873 1947 1929 1839 
2139 2056 2021 2441 2043 2263 2239 2174 2293 2202 2183 2097 2302 2028 1993 2075 2355 1955 2240 2060 1988 2049 1928 1997 2380 2013 1987 1982 2060 2071 1993 2032 2241 1906 2092 2251 2060 2153 2128 2194 2234 1899 2076 2036 2068 1972 2199 2071 2082 2242 2044 2056 2008 2087 1896 2268 2130 1979 2201 2274 2342 2000 2419 2103 2148 2404 2234 2186 2179 2410 2422 2214 2290 2157 2183 1815 2186 2032 2143 2190 2063 2031 2031 2160 2203 2071 2443 1969 2021 2195 2397 2160 2015 2254 2342 2159 2226 1989 2392 2192 
2026 2156 1908 2271 1939 2073 2162 2244 2266 2254 2036 1948 2179 2093 2163 2263 2153 2048 2178 2030 2214 1960 1903 2062 2302 1825 1800 2074 1937 1969 1966 1984 2234 1780 2105 2256 1983 2109 2252 2214 2292 1833 2148 1957 2225 1928 2324 2076 1878 2218 1942 2079 2109 2087 1965 2297 2249 1850 2149 2004 2357 2026 2040 2084 2148 2029 2207 2075 2080 2133 2232 1990 2121 2234 2283 1987 2153 1939 2090 2196 1890 2181 2058 2079 2134 1954 2429 1978 2017 2199 2460 2115 1924 2315 2260 2320 2324 1901 2413 2259 
2040 2237 2138 2217 1929 2210 2198 2317 2464 2364 2146 2039 2180 2116 2084 2210 2268 2087 2036 2216 2107 2057 1970 2083 2452 1818 1940 2118 2147 2122 2042 2119 2346 1993 2249 2331 2034 1957 2032 2318 2190 1915 2236 2002 2235 1942 2235 1984 1841 2239 2026 2170 2339 2211 2135 2206 2216 1800 2199 2237 2505 2238 2176 2022 2264 2195 2217 2184 2166 2212 2373 2153 2200 2183 2388 1970 2123 1978 2136 2113 2249 1994 1768 2314 2124 2099 2228 2112 2103 2112 2476 2220 2033 2265 2211 2255 2170 2138 2502 2127 
2139 2228 2131 2614 2098 2172 2216 2388 2483 2561 2224 2209 2476 2270 2221 2107 2323 2126 2326 2245 2061 2058 2222 2262 2468 1981 1860 2366 2173 2235 2145 2221 2293 2042 2400 2343 2129 2049 2266 2485 2352 1888 2437 2170 2266 2136 2246 2092 2038 2415 1973 2184 2422 2164 2139 2408 2137 2055 2321 2301 2566 2249 2260 2225 2429 2339 2219 2250 2314 2435 2382 2248 2392 2397 2466 2160 2312 2175 2172 2150 2342 2086 1938 2348 2246 2160 2417 2341 2200 2271 2513 2474 2093 2376 2261 2268 2260 2260 2685 2270 
2071 2088 2065 2102 1860 2118 2072 2103 2265 2258 1868 1886 2005 1985 1992 2146 2240 1855 2030 2058 1971 1808 1854 1981 2303 1885 1628 2076 1907 1957 1980 1946 2163 1873 2071 2047 1836 2055 2018 2146 2023 1718 1903 1822 2063 2045 2227 1868 1883 1954 1793 2107 2060 2075 1793 2027 1994 1883 2043 1969 2228 1964 2286 2130 2132 2224 2031 1989 1913 2126 2050 1903 2150 2265 2079 1842 2013 1859 2001 2043 1991 2002 1952 2048 2034 1801 2380 1985 2003 1863 2183 2134 1818 2062 2194 2071 2087 1896 2242 1932 
2084 2094 1892 2376 2011 2146 2195 2285 2319 2276 1919 2052 2091 2079 2172 2065 2256 1999 2066 2159 1931 2022 1895 1904 2416 1844 1799 2140 1995 1937 1908 2024 2206 1815 2000 2308 2026 2109 2050 2197 2217 1691 2061 1866 2125 1927 2156 1841 1878 2179 1730 2157 2265 2150 1935 2126 2075 1797 2155 2085 2335 2138 2065 2024 2231 2125 2232 2202 2298 2360 2215 1979 2408 2224 2066 1838 2235 1991 1996 2229 2014 1906 1965 2109 2156 2216 2334 2017 2196 2133 2520 2267 1859 2133 2160 2179 2166 2185 2324 2146 
2272 2252 2312 2436 1850 2184 2194 2187 2434 2257 2134 2099 2348 1984 2267 2237 2336 2091 2162 2285 2228 2128 1977 2021 2519 1862 1786 2291 2172 2029 1989 2251 2303 2190 2247 2299 2082 2171 2126 2234 2313 1956 2197 1925 2240 2007 2250 2035 1948 2179 1960 2297 2386 2151 2111 2164 2172 2105 2301 2063 2464 2039 2318 2102 2281 2346 2339 2010 2225 2233 2258 2193 2348 2300 2218 1985 2293 2077 2234 2148 2110 2204 2057 2301 2144 1962 2499 2119 2214 2072 2550 2373 2125 2223 2476 2403 2301 2175 2493 2069 
1862 1878 1840 2172 1769 1929 1945 2232 2065 1959 1698 1588 1870 1671 1969 2016 2081 1878 1840 1904 1857 1738 1810 1946 2124 1699 1702 1934 1838 1832 1742 2059 2022 1824 2013 1950 1712 1926 1916 2000 2106 1611 1877 1810 1992 1790 2168 1928 1702 1967 1661 1829 1933 1901 1885 1984 1942 1632 2043 1947 2000 1950 1915 2001 2096 2125 1897 1718 1940 2024 1959 1788 1900 1934 2095 1807 2035 1725 1912 1875 1776 1790 1820 2105 2173 1834 2101 1737 1805 1910 2043 2063 2028 2086 2094 1888 1949 1915 2158 1895 
1936 1797 2028 2338 1879 2127 1916 2263 2120 2071 1832 2088 2120 1743 1874 2049 2208 2013 1991 2071 1992 1948 1813 1999 2157 1856 1699 2049 1928 1925 1885 2053 2178 1894 2035 2115 1887 2079 1933 2090 2256 1623 1954 1798 1938 1930 2061 1796 1819 2037 1792 2043 2101 1999 1853 2078 2028 1782 1804 2035 2321 2018 2065 1894 2364 2050 2057 1942 1983 2047 2055 2055 2005 2103 1928 1922 2194 1828 1946 2016 1930 1875 1831 1941 1934 1903 2136 1868 1893 2072 2267 2100 1811 2109 2157 2055 1840 2151 2315 2004 
2046 2278 2188 2451 1958 2257 2321 2350 2262 2282 2040 2084 2345 2001 2089 2191 2385 1933 1989 2110 2160 1944 2007 1970 2350 1872 1778 2151 1981 2137 2106 2049 2231 2019 2161 2148 2106 2333 1994 2217 2247 1926 2181 2100 2135 1872 2150 2137 1918 2011 1985 2031 2340 2241 2065 2114 2176 2042 2226 2204 2375 2214 2380 2105 2450 2280 2278 2094 2299 2273 2190 2123 2372 2241 2282 1787 2210 2123 2139 2041 1966 2059 2015 2209 2340 2004 2258 1873 2076 2311 2442 2255 2193 2330 2274 2305 2206 2120 2385 2320 
2118 2047 1910 2410 1711 2117 2064 2158 2174 2223 1864 2034 2055 1819 1847 2103 2345 2149 1908 2035 2024 1808 1825 1902 2158 1790 1762 2068 1968 1831 1819 1993 2122 1900 1974 2045 1751 2023 2038 2238 2184 1640 1978 1827 1939 1889 2098 1917 1897 2084 1856 2030 2156 1959 2012 2031 1987 1820 2277 2146 2174 2031 2167 2036 2161 2035 2002 1866 2028 2100 2015 1952 1922 2067 2155 1773 1964 1824 1980 1968 2003 1976 1977 2161 2027 1991 2280 1956 1920 1995 2112 2060 1864 2062 2033 2137 2110 2169 2160 2098 
1940 1927 2001 2285 1815 2179 2056 2187 2212 2096 1926 2014 2081 1961 1918 2109 2027 1979 1935 2061 1960 1935 1894 2066 2268 1765 1592 2057 2013 1979 1884 1914 2137 1920 2137 2258 2021 1976 2023 2130 2057 1823 2219 1866 2052 2036 2128 1935 1740 2251 1880 2054 2163 1998 1881 2151 2149 1847 2145 2113 2324 2040 2128 2001 2279 2103 2139 2014 1930 2116 2055 1832 2181 2131 2117 1907 2020 1877 2064 2047 2012 1840 1868 2136 2102 1861 2288 1923 1877 2160 2295 2255 1912 2218 2200 1993 2265 2230 2436 2002 
1995 2156 2151 2230 1844 2021 2155 2194 2169 2140 2008 2082 2189 1938 1930 2231 2166 1976 2036 1892 2169 1860 1958 1914 2402 1840 1766 1995 1940 2134 1938 2025 2218 1970 2173 2093 1957 2008 2083 2204 2166 1961 2019 1867 2053 1924 2214 1958 1837 2037 1993 2053 2241 2116 1936 1989 2181 1865 2030 2020 2258 2022 2220 2011 2232 2201 2134 1909 2058 2218 2109 2120 2126 2235 2340 1887 2131 2056 2082 2060 1922 2184 1928 2194 2140 1951 2438 1928 1947 2207 2298 2327 2035 2180 2212 2115 2069 1865 2312 2037 
1828 1933 1813 2052 1836 1918 1937 2081 1992 1907 1891 1846 1930 1615 1948 1990 2062 1831 1928 1900 1961 1799 1708 1720 2086 1716 1547 1840 1890 1882 1740 1881 1966 1834 1805 1942 1905 1891 1676 1888 2095 1665 1962 1597 1947 1869 1919 1741 1778 1954 1744 1912 1797 1863 1656 1849 1901 1783 1961 1886 2059 1834 2070 1869 2164 1979 1824 1712 1773 2001 2044 1944 1974 1995 1913 1724 1930 1790 1964 1928 1806 1700 1575 1924 1843 1603 2050 1824 1846 1830 2036 2171 1630 2066 2153 1973 1851 1841 2066 1804 
1849 1986 1878 2309 1870 1874 1892 2061 2162 2055 1808 1714 2131 1776 1911 2021 2153 1967 1975 1886 1949 1738 1874 1747 2194 1879 1491 2024 1811 1818 1835 1989 1859 1752 1901 1883 1669 1998 2018 2173 2079 1638 1901 1818 2108 1778 2088 1990 1763 2086 1874 1926 2095 1891 1750 2210 2158 1807 1931 1828 2256 1807 1998 1879 2069 2149 1923 1919 1901 2077 1956 1803 2147 1859 2192 1764 2116 1861 1985 1874 1778 2155 1881 1984 1849 1761 2168 1941 1809 2024 2177 2062 1863 2012 2084 2147 2159 1936 2192 2108 
2330 2312 2352 2617 2293 2357 2498 2596 2794 2355 2358 2257 2312 2188 2397 2521 2481 2413 2470 2350 2354 2340 2128 2345 2663 2216 2065 2345 2329 2263 2227 2470 2599 2209 2433 2535 2307 2390 2278 2596 2668 2139 2452 2078 2573 2292 2560 2135 2187 2524 2242 2471 2414 2398 2134 2544 2397 2173 2482 2445 2757 2463 2492 2353 2734 2479 2496 2340 2283 2506 2619 2301 2450 2313 2382 2280 2629 2280 2605 2423 2411 2300 2183 2466 2416 2122 2686 2269 2347 2490 2624 2659 2195 2528 2576 2528 2497 2425 2789 2316 
1936 2075 2263 2365 1871 2255 2222 2385 2302 2086 2073 2158 2171 1943 2120 2271 2377 2139 2066 2217 2057 1928 1997 1951 2477 1905 1754 2161 2011 2066 2078 2052 2285 2018 2132 2120 2095 2157 2221 2296 2367 1977 2158 1974 2141 2004 2155 2121 2011 2167 2001 2308 2367 2204 1934 2325 2275 2095 2218 2067 2363 2159 2096 2101 2343 2209 2123 2018 2273 2209 2253 2094 2156 2308 2321 1913 2259 1928 2080 2110 2010 2023 1837 2308 2147 1941 2270 2057 1991 2147 2412 2313 2026 2288 2398 2188 2151 2179 2403 2154 
1994 2029 1878 2309 1972 2058 2077 2137 2100 2042 1933 2114 2090 1780 1988 2122 2152 2015 2059 2004 1841 1919 1809 1800 2192 1863 1550 2059 1878 1795 1769 2095 2020 1775 1961 2069 1891 2188 1954 2111 2350 1917 1897 1766 2043 2025 2119 1828 1856 2056 1885 2053 2247 1952 1903 2124 2047 1939 2004 1941 2365 1847 2091 1941 2229 2092 2098 1894 2080 2148 2085 1906 2045 2027 2084 1740 2051 1778 2035 2069 1909 1890 1873 2038 2017 1912 2229 1904 1940 2063 2164 2279 1866 2106 2200 2058 1945 2026 2166 1972 
2188 2391 2167 2599 2087 2281 2415 2501 2549 2516 2159 2156 2379 2086 2306 2333 2426 2127 2209 2172 2374 2189 2039 2221 2436 2042 1959 2286 2225 2277 2084 2284 2439 2286 2450 2487 2207 2406 2134 2308 2406 1925 2284 2099 2358 2065 2293 2145 2096 2272 2142 2248 2471 2222 2088 2257 2355 2068 2365 2335 2600 2323 2183 2118 2568 2380 2436 2073 2359 2366 2547 2310 2438 2438 2585 1991 2406 2250 2206 2243 1981 2154 2192 2366 2349 2097 2400 2138 2297 2326 2639 2489 2364 2509 2463 2449 2276 2289 2744 2351 
1827 1954 1753 2057 1717 1824 1985 2033 1949 1861 1778 1851 1948 1647 1767 2008 1941 1817 1898 1681 1973 1882 1753 1783 2115 1710 1625 1841 1865 1755 1806 1922 1946 1680 2069 1922 1751 1768 1783 2167 2075 1701 1908 1758 1917 1787 1892 1810 1760 2038 1760 1882 2146 1990 1677 1732 1977 1632 1794 1995 2133 1845 2021 1843 2002 1967 1973 1831 1838 2019 1962 1797 1834 2072 2069 1744 2100 1876 1934 1775 1832 1840 1816 1976 1940 1780 2210 1964 1774 2098 2000 2147 2008 2023 1862 1868 1922 1865 2060 1780 
2037 2022 2001 2419 1794 2168 2238 2243 2228 2310 2091 2044 2103 1996 2111 2222 2252 1971 2047 2016 2223 1942 1998 1886 2267 1850 1892 2111 1966 2065 1900 1994 2100 1894 2124 2362 2082 1977 2056 2084 2153 1805 2096 1886 2029 1872 2120 2072 1937 2194 1811 2088 2129 2157 1994 2237 2043 1901 2044 2116 2272 2063 2130 1988 2265 2207 2205 2093 2113 2315 2222 2037 2123 2018 2229 1725 1974 1932 2092 1971 2136 2069 1799 2196 1965 1950 2194 2079 2056 2122 2361 2162 1937 2251 2210 2100 2163 2018 2240 1979 
2004 2090 2011 2181 2057 2141 2130 2362 2172 2191 1970 2183 2066 2028 2137 2106 2154 2032 2081 2087 2170 1809 1941 1813 2308 1717 1692 2028 1925 2093 2077 2028 2185 1864 2148 2094 2060 2093 2116 2075 2227 1892 1967 1925 2037 1921 2233 1986 1829 2103 1867 2129 1989 2164 1918 1932 2044 1847 2078 2150 2094 1892 2168 2094 2261 2291 2114 1928 2112 2188 2211 1968 2179 2217 2287 1846 2104 2088 2009 2065 2033 2014 1808 2265 2266 1990 2331 1951 1998 2030 2315 2303 1927 2130 2223 2040 2048 2090 2191 2077 
1736 1745 1852 1934 1623 1761 1990 2137 2080 1931 1738 1803 1876 1675 1828 1772 1955 1678 1836 1736 1548 1747 1681 1642 2051 1488 1474 1666 1755 1716 1693 1769 1778 1623 1805 1957 1615 1795 1705 1819 1872 1541 1829 1695 1754 1696 1824 1800 1614 1870 1580 1656 1999 1788 1890 1924 1757 1623 1833 1922 1828 1809 1939 1705 1914 1948 1931 1718 1722 1813 1789 1648 1817 1748 1894 1554 1882 1692 1804 1876 1738 1655 1647 1801 1764 1849 2009 1698 1722 1738 2052 1952 1894 1932 1923 1845 1884 1857 2034 1903 
2251 2091 1917 2320 1970 2022 2267 2218 2220 2048 2035 2120 2206 1990 2040 2138 2292 1872 2043 2046 1963 2065 1973 2008 2339 1816 1747 2127 1858 2072 1885 1933 2076 1914 2082 2091 2008 2184 1966 2193 2052 1823 2109 1960 1925 1918 2088 2011 1921 2008 1848 1884 2394 2075 2069 2051 1953 1970 2047 1885 2378 1974 2151 2095 2086 2145 2151 2026 2082 2184 2148 2110 2191 2080 2228 1855 2068 1909 2022 2015 1978 2050 1992 2093 2167 2033 2470 2144 1912 2159 2366 2261 1947 2194 2182 2175 2194 2106 2377 2144 
2148 2206 2208 2479 1901 2213 2229 2228 2453 2384 2212 2251 2197 2047 2233 2232 2349 2052 2219 2107 2098 2021 1914 2120 2551 2046 1934 2243 2271 2106 2075 2219 2406 2029 2242 2399 2085 2000 2213 2282 2360 1954 2353 1941 2273 1982 2322 2200 2042 2385 2036 2438 2188 2108 1984 2230 2151 2037 2227 2144 2526 2095 2309 2159 2403 2407 2407 2118 2123 2229 2279 2123 2195 2456 2274 2097 2277 2018 2253 2070 2218 2124 1918 2334 2144 1965 2526 2210 2095 2218 2465 2280 1978 2243 2263 2369 2342 2195 2648 2036 
1638 1697 1687 2004 1682 1773 1856 2044 1930 1846 1693 1749 2025 1605 1920 1883 2048 1654 1839 1869 1860 1581 1692 1709 1936 1667 1679 1856 1630 1823 1678 1811 1873 1786 1733 1719 1788 1836 1750 1878 2029 1709 1781 1778 1864 1658 1922 1906 1743 1839 1748 1717 1917 1762 1650 1906 1922 1617 1926 1750 1985 1680 1845 1730 1960 1939 1799 1725 1864 1852 2088 1739 1802 2043 2025 1672 1925 1623 1803 1664 1694 1727 1645 1917 2044 1780 2011 1609 1691 2017 1984 2122 1822 2077 2041 1865 1853 1844 2202 2036 
2023 1894 1828 2167 1928 1824 2001 2141 2193 2170 1932 2027 2049 1961 1878 2073 2137 2009 1989 1944 1905 1844 1920 1736 2302 1735 1672 1952 1911 1947 1905 1970 2093 1925 1952 2067 1873 2076 2177 2127 2204 1731 1946 1784 2026 1887 1939 1800 1835 2089 1853 1965 1957 2096 1876 2009 1989 1683 2077 1932 2091 1839 2032 2006 2115 2021 1950 1769 1956 2011 2035 1985 1980 1998 2148 1733 2020 1978 2045 2070 1777 1792 1864 2058 2032 1954 2213 1950 1908 1961 2209 2138 1811 2076 2169 2047 2025 2015 2253 1874 
1956 2123 1744 2167 1727 1945 2059 2088 2056 2040 1912 1989 1899 1757 2065 1958 2045 1842 1953 1878 1996 1671 1696 1730 2084 1716 1689 1982 1927 1772 1950 1892 1911 1728 1909 2016 1841 1932 1908 2079 2051 1679 1789 1722 1958 1901 2131 1767 1650 2009 1876 1884 1827 2048 1857 1988 1974 1728 1937 2015 2184 1808 2021 1929 1941 1945 1913 1841 1946 1887 1990 1730 2017 1954 2055 1635 1918 1817 2018 1890 1915 1978 1727 2034 2041 1719 2028 1886 2056 1879 2085 2032 1887 2017 1984 2029 2057 1840 2071 1852 
2257 2266 2451 2534 2151 2500 2444 2433 2520 2550 2241 2222 2532 2317 2195 2392 2429 2278 2260 2375 2224 2120 2243 2239 2575 2070 1812 2346 2117 2295 2048 2355 2592 2132 2196 2441 2181 2433 2195 2407 2376 2081 2344 2100 2399 2218 2402 2240 2114 2274 2010 2343 2480 2271 2196 2340 2409 2235 2447 2276 2639 2325 2482 2166 2586 2490 2471 2280 2368 2499 2471 2239 2441 2382 2422 1953 2361 2112 2246 2394 2214 2241 2149 2363 2370 2218 2686 2113 2275 2385 2581 2609 2225 2527 2524 2342 2420 2292 2692 2483 
1943 2244 2101 2244 1836 2059 2104 2294 2312 2240 2121 1978 2202 2009 2196 2143 2391 1950 2145 2043 1985 1807 1905 1991 2440 1952 1823 1982 2020 2014 2013 2118 2174 1808 2104 2181 2063 1909 1929 2187 2123 1864 2111 1982 2243 2020 2150 2089 2019 2163 2044 2131 2161 2048 1885 2161 2171 1923 2308 1993 2348 1967 2196 2010 2170 2349 2129 2107 2146 2142 2159 1955 2279 2178 2221 1805 2078 1910 2082 2023 2142 2077 1989 2222 2140 2059 2596 1981 2060 2064 2388 2355 1959 2382 2358 2249 2277 2034 2316 2156 
1617 1841 1687 1924 1696 1794 1818 2029 1853 1791 1689 1672 1794 1593 1736 1914 1910 1634 1801 1565 1716 1696 1642 1674 1927 1658 1428 1884 1514 1692 1668 1727 1799 1654 1711 1580 1710 1929 1773 1835 1876 1428 1605 1672 1753 1724 1878 1696 1645 1585 1496 1712 1884 1658 1651 1853 1855 1810 1844 1790 1957 1551 1846 1782 1889 1974 1679 1616 1684 1777 1869 1648 2003 1752 1944 1595 1712 1768 1643 1730 1625 1768 1587 1848 1937 1616 1997 1717 1648 1758 1973 1902 1718 2049 1828 1815 1948 1712 1864 1815 
1929 2116 2147 2206 1885 2226 2376 2403 2438 2191 2115 2093 2233 2092 2166 2290 2278 2003 2155 1982 2247 2151 1919 1881 2424 1881 1809 2037 2014 2205 2099 2009 2285 1989 2178 2217 2055 2011 2153 2240 2203 1967 2240 1995 2089 1965 2320 1801 1792 2234 1907 2006 2366 2249 2068 2129 2086 1980 2051 2171 2345 2121 2343 2038 2364 2203 2302 2155 2106 2367 2123 2120 2258 2092 2451 1904 2032 1984 2052 2257 2149 2084 1917 2090 2150 1933 2391 1974 2043 2136 2546 2282 1931 2226 2270 2166 2186 2203 2457 2225 
1915 1959 1981 2240 1739 1897 2012 2241 2211 1997 2034 1940 1911 1886 1833 1996 2112 1931 1989 1930 1950 1982 1818 1923 2259 1881 1545 2134 1897 1840 1758 2137 2089 1851 1982 2069 1896 2011 1951 2092 2175 1745 2057 1747 2060 1920 2061 1976 1792 2017 1765 1960 2173 1976 1803 2108 2011 1814 1971 1861 2220 1805 2049 1936 2086 2114 2033 1858 1977 2101 2122 1896 2054 1956 2109 1676 2102 1748 1919 1926 1985 1857 1883 1993 2031 1838 2181 1928 1905 1916 2231 2179 1883 2101 2230 1987 2086 2021 2235 2010 
2028 2074 2264 2406 2005 2350 2217 2437 2335 2158 2204 2065 2419 2100 2056 2287 2285 1977 2184 2028 2025 2052 1933 1977 2378 1941 1838 2017 1991 2182 1970 2221 2387 1990 2231 2176 2024 2103 2199 2210 2293 1941 2239 2040 2186 2007 2200 2073 1984 2107 1884 2088 2313 2118 1974 2246 2228 2018 2171 2087 2345 2088 2064 2089 2437 2345 2224 2075 2244 2257 2314 2170 2405 2229 2362 1922 2222 2077 2212 2062 2024 2111 1973 2160 2171 1915 2503 2060 2060 2247 2524 2321 2203 2468 2311 2190 2237 2101 2629 2223 
1835 2035 1876 2354 1782 2154 2148 2234 2231 2172 1920 1921 2031 1862 2037 2021 2194 2170 1969 2068 2015 1988 1790 1896 2286 1737 1680 2003 1961 1894 1855 1966 2078 1961 1972 2079 2072 2047 1853 2187 2136 1915 2096 1922 2230 1982 2139 1813 1888 2272 1980 1994 2081 2156 1751 1918 2021 1631 2022 1998 2289 2100 2060 1925 2123 2065 2022 2003 1949 2021 2222 1935 2142 2065 2163 1717 2053 1764 2174 2035 2070 1950 1784 2149 2019 1912 2147 1845 1946 1925 2024 2101 1859 1974 2166 2049 2086 2021 2170 1986 
1938 2048 2040 2318 1868 2006 2010 2244 2335 2174 1980 2054 2133 1872 1996 2116 2280 2031 2069 2018 2136 1788 1969 1814 2364 1916 1786 1939 1991 1822 1895 2150 2116 1853 2132 2159 1988 2141 2076 2186 2237 1784 1984 1789 2124 2059 2101 1914 1927 2074 1865 1956 2013 2229 1947 2183 2114 1919 2136 2113 1997 2087 2152 2098 2165 2272 1931 1771 1973 2079 2374 1891 2246 2053 2124 1783 2301 1998 2134 2090 2057 2074 1898 2055 2042 1904 2250 1918 2094 2053 2287 2212 1992 2160 2369 2111 2201 2033 2185 2092 
1792 1903 1898 2114 1741 1975 2007 2046 2154 1981 1866 1918 2131 1788 1876 1876 2052 1929 1850 1938 1816 1848 1877 1869 2095 1686 1499 1969 1840 1824 1757 2008 2001 1826 2013 2064 1869 1860 1928 1923 2044 1754 2093 1741 1978 1817 2040 1820 1749 1997 1712 1916 1938 1885 1783 2079 1941 1891 1904 1897 2183 1771 1913 1865 2186 2024 1976 1810 1868 2058 2002 1848 2127 1835 2156 1778 2079 1732 1925 1972 1835 1887 1658 1913 1866 1714 1951 1862 1818 1899 2141 2065 1788 2057 2096 1843 1941 1812 2291 1995 
1952 1807 1914 2075 1739 1987 1932 2094 2085 1931 1826 1898 1950 1699 1883 1923 1959 2054 1960 1800 1787 1776 1793 1799 2093 1608 1563 1892 1807 1820 1640 1836 2138 1793 1899 2025 1820 1782 1945 1985 2046 1836 2084 1613 1905 1752 2012 1873 1591 2033 1873 1991 1974 1857 1637 2014 1802 1746 1880 1931 2170 1895 2056 1876 2076 2050 2011 1987 1869 1970 1921 1855 1872 2027 1967 1673 1890 1649 1856 1763 1853 1745 1606 1991 1901 1758 2024 1813 1779 1937 1961 2115 1897 1932 2013 2010 1838 1809 2148 1815 
1856 1893 2106 2035 1669 1946 1966 2141 2193 1987 1845 1846 2105 1845 1958 2030 2261 1746 1846 1901 1960 1827 1828 1740 2311 1796 1545 1865 1810 1899 1694 1892 1973 1947 2016 2088 1844 1869 2033 2167 2066 1711 1865 1795 1943 1852 1991 1853 1710 1919 1773 1817 2100 2062 1832 1914 1926 1825 1786 1903 2000 1878 2136 1818 2045 2222 1978 1873 1867 2055 1964 2049 2074 2107 2020 1742 1881 1911 2040 1811 1907 1961 1803 1978 1757 1689 2165 1789 1810 1907 2159 2111 1902 2143 2113 2070 2033 2027 2095 1855 
2180 2316 1988 2251 2035 2254 2266 2374 2475 2358 1952 2097 2133 2019 2187 2254 2457 2108 2205 1992 2218 1994 2237 1983 2380 1989 1835 2028 1932 2116 1979 2184 2241 1871 2425 2266 1970 2212 2034 2356 2306 1875 2232 1940 2265 2103 2316 2099 1960 2241 2094 2159 2282 2165 2137 2212 2191 1859 2327 2180 2319 2044 2330 2239 2316 2298 2130 2066 2121 2297 2372 2069 2192 2140 2160 1997 2153 2072 2191 2147 2190 2144 2087 2317 2221 2076 2498 2089 2081 2264 2336 2289 2052 2332 2346 2074 2206 2201 2230 2203 
2013 1968 1932 2248 1833 1953 2100 2226 2145 2009 2011 2111 2096 1926 1886 1890 2139 1947 2083 2073 2019 1871 1947 1696 2374 1732 1550 1945 1769 2077 1915 2034 2074 1834 2051 1920 2024 2136 1941 1959 2203 1805 2000 1815 1870 1854 1900 1901 1825 1993 1734 1878 2105 2067 1931 2076 1994 1749 2094 1883 2099 1807 2028 1840 2186 2148 1976 1938 1977 1956 2119 1988 2216 2017 2014 1677 2128 1937 2044 1915 1936 2027 1884 1880 1892 1801 2195 1856 1884 1971 2234 2112 1759 2089 2345 2097 2099 2001 2200 2028 
1774 1911 1764 2164 1680 1792 1944 2055 2118 2125 1838 1788 1873 1765 1800 1986 2047 1805 1774 1855 1852 1792 1807 1692 2156 1789 1526 1900 1862 1798 1716 1926 1893 1833 1891 2040 1875 1920 1824 2040 2002 1425 1857 1631 1969 1735 1939 1765 1644 1872 1692 1844 2037 1975 1824 1831 1854 1717 1812 1852 2175 1777 1884 1796 2127 1981 1930 1846 1971 2002 1862 1753 2121 1874 2079 1608 1885 1876 1879 1772 1826 1856 1728 2047 1910 1771 2057 1820 1773 1880 2150 2064 1773 2062 1963 1898 2028 1847 2131 1874 
1924 1995 2244 2377 1872 2374 2251 2255 2431 2269 2001 2047 2171 2005 1987 2259 2216 2188 2175 2237 2105 2085 2096 2006 2425 1862 1805 2077 1958 2109 1959 2154 2261 2118 2250 2316 2070 2072 2101 2334 2236 1939 2156 2061 2232 1955 2302 2048 1880 2181 2088 2236 2281 2193 1899 2246 2220 1878 2133 2196 2386 2029 2426 2083 2411 2241 2232 2158 2085 2383 2186 2086 2253 2222 2327 2044 2132 2029 2206 1966 2169 2123 1895 2140 2110 2061 2416 1942 1956 2211 2236 2279 2113 2318 2305 2101 2237 2144 2544 2130 
1895 1893 1940 2224 1783 2047 1970 2027 2093 2096 1832 1982 2014 1698 1871 1743 2207 1789 1922 1938 1731 1531 1799 1772 2191 1660 1507 1899 1890 1875 1859 1826 1989 1804 1992 1949 1858 1869 1901 1922 1893 1814 1890 1833 1790 1841 1947 1886 1677 2036 1867 1802 1993 1905 1822 1943 2071 1764 1950 1953 2133 1922 1921 1861 2029 2054 1922 1819 2017 1971 1974 1850 2093 2065 2098 1633 2029 1862 1906 1911 1829 1877 1711 1906 1796 1944 2111 1796 1816 2032 2152 2105 1935 2149 2106 1934 1870 1889 2231 1943 
1908 1917 1884 2096 1692 2031 2160 2157 2147 2058 1864 1939 2026 1781 2035 1903 2213 1892 1935 1946 2060 1933 1828 1849 2201 1838 1717 1958 1865 1878 1902 2071 2045 1855 2026 2150 1920 2057 1903 2040 2145 1752 1966 1800 1978 1860 2007 1943 1849 2106 1660 1917 2049 1978 1955 2013 1913 1724 2034 1953 2066 1851 2129 2079 1933 2019 2013 1730 1833 1970 2154 1867 2027 1970 2142 1807 2069 1952 2027 1847 1956 1835 1859 1976 1980 1864 2293 1796 1870 1921 2294 2196 1946 2061 2132 2028 2052 2072 2215 2044 
1957 1938 1818 2026 1649 1765 1990 1985 2086 1882 1757 1803 1946 1690 1943 1876 2012 1722 1685 1757 1809 1711 1605 1710 2027 1603 1611 1873 1676 1860 1714 1819 1872 1806 1908 1893 1750 1985 1822 1771 1888 1731 1685 1819 1769 1783 1973 1845 1625 1802 1665 1702 2080 1881 1789 1785 1786 1749 1830 1715 2013 1758 1936 1763 1945 2015 1906 1734 1875 1958 1918 1786 1941 1920 2036 1567 1950 1757 1771 1842 1722 1830 1678 1922 1899 1825 1965 1802 1704 1934 2166 1948 1853 1970 1909 1955 1886 2015 2100 1755 
2083 2141 2042 2266 1721 2041 2037 2207 2274 2155 1984 2219 2166 2023 2062 1923 2221 1767 2033 2065 2037 1852 1767 1831 2388 1813 1724 1875 2201 2065 1941 1971 2080 2016 2142 2119 2007 2020 2064 2167 2083 1801 2028 1709 1913 2126 2201 1849 1768 2161 1986 2103 2075 2279 1959 1862 1969 1924 1982 2108 2087 1924 2288 1934 2059 2165 2034 1890 2102 2134 2021 1968 2057 2121 2188 1813 1965 2017 2225 2096 1974 2132 1955 2039 1895 1758 2436 1909 2087 2010 2308 2191 1897 2054 2171 2118 2167 2116 2254 1971 
1987 2210 2084 2415 1938 2177 2268 2397 2431 2461 2009 2052 2244 2061 2145 2203 2364 2258 2271 2167 2120 1957 1993 1980 2350 1937 1859 1996 2031 2252 2052 2187 2341 1944 2277 2364 2015 2081 2172 2261 2386 1922 2262 2069 2356 2010 2254 2184 2045 2420 2082 2231 2218 2118 2093 2438 2260 1889 2194 2226 2345 2172 2295 2126 2355 2108 2155 2145 1997 2306 2290 2006 2266 2281 2457 1925 2338 2185 2114 2161 2125 2130 2026 2119 2023 1905 2307 2155 1991 2263 2437 2332 2056 2309 2279 2234 2237 2187 2573 2197 
2002 2140 2023 2293 2035 2171 2275 2332 2329 2055 2025 1978 2314 1758 2072 2256 2312 1899 2116 2081 2200 2038 1924 1827 2209 1800 1768 2021 2160 1998 1972 2044 2220 1947 2120 1997 2021 2212 2101 2183 2279 1805 2077 1950 2107 1917 2081 1835 1859 2082 1862 1958 2136 2003 2023 1966 2230 2071 2209 2121 2467 2009 2158 2027 2303 2082 2103 1921 2202 2204 2194 2094 2153 2145 2252 1912 2206 2094 2159 2018 1974 1992 1981 2214 2224 1812 2281 1942 1960 2212 2276 2268 2132 2236 2294 2213 2030 2073 2365 2224 
2316 2112 2244 2437 2084 2156 2301 2489 2533 2227 2151 2232 2324 2122 2145 2396 2318 2178 2406 2323 2089 2153 2003 2103 2522 2022 2053 2020 2115 2237 2162 2293 2336 2117 2238 2299 2091 2307 2231 2237 2508 2139 2328 2213 2367 2023 2248 2066 2155 2154 2013 2204 2279 2236 2164 2481 2271 2177 2444 2054 2366 2266 2493 2345 2458 2323 2155 2233 2158 2394 2376 2201 2279 2242 2217 2059 2305 2094 2409 2144 2278 2080 1982 2179 2363 1988 2462 2232 2109 2340 2525 2369 2033 2185 2485 2435 2306 2339 2677 2252 
2367 2301 2381 2495 2103 2474 2407 2463 2532 2287 2299 2289 2352 2189 2345 2409 2396 2241 2410 2179 2521 2188 2077 2108 2682 2080 1985 2260 2204 2336 2172 2431 2496 2148 2483 2462 2178 2163 2380 2511 2410 2011 2213 2043 2172 2067 2483 2105 2069 2486 1984 2204 2328 2396 2118 2406 2389 1886 2359 2359 2443 2158 2301 2190 2481 2546 2552 2208 2305 2480 2426 2384 2458 2290 2530 2004 2402 2172 2251 2437 2347 2401 2142 2236 2296 2298 2678 2135 2300 2219 2498 2369 2279 2510 2502 2380 2489 2179 2638 2349 
1986 2165 2182 2256 1900 2229 2166 2407 2307 2308 2071 2107 2089 2012 2017 2234 2393 2121 1985 2273 2214 1945 1898 2093 2409 1924 1856 2065 2155 2063 2036 2338 2453 2019 2299 2306 2075 2138 2193 2151 2447 1827 2107 1927 2272 2023 2264 1985 1955 2161 1916 2326 2026 2312 2069 2142 2285 1860 2300 2218 2287 2050 2192 2032 2309 2353 2163 1989 2157 2284 2387 2091 2110 2259 2329 2000 2250 2037 2303 2265 2117 2038 1957 2290 2159 1980 2358 1904 2122 2093 2399 2384 2136 2324 2470 2161 2123 2250 2335 2030 
